/*--------------------------------*- C++ -*----------------------------------*\
| =========                 |                                                 |
| \\      /  F ield         | OpenFOAM: The Open Source CFD Toolbox           |
|  \\    /   O peration     | Version:  2506                                  |
|   \\  /    A nd           | Website:  www.openfoam.com                      |
|    \\/     M anipulation  |                                                 |
\*---------------------------------------------------------------------------*/
FoamFile
{
    version     2.0;
    format      ascii;
    arch        "LSB;label=32;scalar=64";
    class       vectorField;
    location    "constant/polyMesh";
    object      points;
}
// * * * * * * * * * * * * * * * * * * * * * * * * * * * * * * * * * * * * * //


99
(
(0 0 0)
(0.01 0 0)
(0.02 0 0)
(0.03 0 0)
(0.04 0 0)
(0.05 0 0)
(0.06 0 0)
(0.07 0 0)
(0.08 0 0)
(0.09 0 0)
(0.1 0 0)
(0 0.005 0)
(0.01 0.005 0)
(0.02 0.005 0)
(0.03 0.005 0)
(0.04 0.005 0)
(0.05 0.005 0)
(0.06 0.005 0)
(0.07 0.005 0)
(0.08 0.005 0)
(0.09 0.005 0)
(0.1 0.005 0)
(0 0.01 0)
(0.01 0.01 0)
(0.02 0.01 0)
(0.03 0.01 0)
(0.04 0.01 0)
(0.05 0.01 0)
(0.06 0.01 0)
(0.07 0.01 0)
(0.08 0.01 0)
(0.09 0.01 0)
(0.1 0.01 0)
(0 0 0.005)
(0.01 0 0.005)
(0.02 0 0.005)
(0.03 0 0.005)
(0.04 0 0.005)
(0.05 0 0.005)
(0.06 0 0.005)
(0.07 0 0.005)
(0.08 0 0.005)
(0.09 0 0.005)
(0.1 0 0.005)
(0 0.005 0.005)
(0.01 0.005 0.005)
(0.02 0.005 0.005)
(0.03 0.005 0.005)
(0.04 0.005 0.005)
(0.05 0.005 0.005)
(0.06 0.005 0.005)
(0.07 0.005 0.005)
(0.08 0.005 0.005)
(0.09 0.005 0.005)
(0.1 0.005 0.005)
(0 0.01 0.005)
(0.01 0.01 0.005)
(0.02 0.01 0.005)
(0.03 0.01 0.005)
(0.04 0.01 0.005)
(0.05 0.01 0.005)
(0.06 0.01 0.005)
(0.07 0.01 0.005)
(0.08 0.01 0.005)
(0.09 0.01 0.005)
(0.1 0.01 0.005)
(0 0 0.01)
(0.01 0 0.01)
(0.02 0 0.01)
(0.03 0 0.01)
(0.04 0 0.01)
(0.05 0 0.01)
(0.06 0 0.01)
(0.07 0 0.01)
(0.08 0 0.01)
(0.09 0 0.01)
(0.1 0 0.01)
(0 0.005 0.01)
(0.01 0.005 0.01)
(0.02 0.005 0.01)
(0.03 0.005 0.01)
(0.04 0.005 0.01)
(0.05 0.005 0.01)
(0.06 0.005 0.01)
(0.07 0.005 0.01)
(0.08 0.005 0.01)
(0.09 0.005 0.01)
(0.1 0.005 0.01)
(0 0.01 0.01)
(0.01 0.01 0.01)
(0.02 0.01 0.01)
(0.03 0.01 0.01)
(0.04 0.01 0.01)
(0.05 0.01 0.01)
(0.06 0.01 0.01)
(0.07 0.01 0.01)
(0.08 0.01 0.01)
(0.09 0.01 0.01)
(0.1 0.01 0.01)
)


// ************************************************************************* //
