convertToMeters 1;

vertices
(
    (0.0 0.00 0.0)
    (0.0 0.05 0.0)
    (0.02 0.012 0.0)
    (0.02 0.038 0.0)
    (0.08 0.005 0.0)
    (0.08 0.05 0.0)
    (0.2 0.005 0.0)
    (0.2 0.05 0.0)
    (0.0 0.00 0.01)
    (0.0 0.05 0.01)
    (0.02 0.012 0.01)
    (0.02 0.038 0.01)
    (0.08 0.005 0.01)
    (0.08 0.05 0.01)
    (0.2 0.005 0.01)
    (0.2 0.05 0.01)
);

blocks
(
    hex (0 1 3 2 8 9 11 10) (40 40 1) simpleGrading (1 0.1 1)
    hex (2 3 5 4 10 11 13 12) (80 40 1) simpleGrading (0.1 1 1)
    hex (4 5 7 6 12 13 15 14) (80 40 1) simpleGrading (0.5 1 1)
);

boundary
(
    inlet
    {
        type patch;
        faces
        (
            (0 8 9 1)
        );
    }
    walls
    {
        type wall;
        faces
        (
            (1 9 11 3)
            (3 11 13 5)
            (5 13 15 7)
            (0 2 10 8)
        );
    }
    outlet
    {
        type patch;
        faces
        (
            (6 14 15 7)
        );
    }
);
